1
10
100
1000
1004
1007
1008
1010
1013
1014
1015
1016
1018
1020
1021
1022
1025
1026
1028
1029
1030
1032
1033
1036
1037
1039
104
1041
1043
1046
1047
1048
105
1050
1051
1052
1053
1054
1055
1056
1058
1059
106
1060
1061
1064
1070
1076
1077
1079
108
1081
1086
1087
1089
1091
1092
1093
1094
1095
1096
1098
11
110
1100
1101
1103
1104
1106
1107
1108
111
1110
1111
1114
1115
1117
1119
112
1120
1121
1125
1126
1127
1128
1134
1136
1138
1139
114
1141
1143
1145
1147
1148
1149
115
1151
1152
1153
1155
1157
116
1160
1161
1162
1164
1165
1166
1168
1169
1172
1173
1175
1176
1177
118
1180
1183
1185
1186
1187
1188
119
1191
1192
1194
1195
1196
1197
1198
12
1200
1202
1206
1208
1211
1212
1215
1216
1217
1218
1219
1220
1221
1225
1226
1227
1228
1230
1231
1233
1235
1237
1240
1242
1244
1245
1246
1247
125
1253
1254
1256
1257
126
1260
1261
1262
1263
1264
1265
1267
1268
1269
127
1270
1271
1272
1273
1274
1276
1277
1280
1282
1283
1284
1285
1286
1287
1288
1289
1290
1291
1292
1293
1296
1297
1298
1299
13
1301
1303
1304
1305
1307
1308
131
1313
1314
1315
1316
1318
1319
1320
1321
1323
1324
1325
1326
1327
1329
133
1330
1331
1333
1334
1335
1336
1337
1339
134
1341
1343
1346
1348
1350
1352
1355
1358
136
1360
1363
1364
1368
1369
1372
1374
1376
1377
1378
138
1380
1381
1382
1383
1385
1386
1387
1388
139
1391
1395
1399
14
140
1400
1401
1404
1406
1408
1409
141
1410
1412
1413
1414
1415
1416
1417
1418
1419
1420
1421
1422
1423
1424
1425
1426
1427
1429
143
1432
1433
1434
1435
1437
1439
144
1441
1444
1445
1447
1448
145
1451
1452
1453
1454
1455
1456
1457
1458
1460
1461
1462
1463
1465
1467
1468
1469
1470
1472
15
151
152
154
155
157
158
159
16
160
162
163
165
167
168
169
170
171
172
173
174
176
177
178
179
18
180
182
186
189
19
190
191
193
195
198
2
200
201
203
204
205
206
210
211
212
213
214
216
217
218
219
22
220
221
222
223
224
225
226
229
23
230
233
234
236
238
239
24
240
241
242
243
244
246
247
248
249
25
250
252
253
254
256
258
259
26
263
264
265
266
267
269
27
270
272
273
276
277
278
279
28
282
285
288
289
293
294
296
297
298
299
30
301
303
304
305
307
309
31
310
311
312
313
315
316
317
319
324
325
328
329
33
330
333
334
336
338
34
342
343
345
347
348
349
35
350
351
353
355
356
359
36
360
362
363
364
365
366
367
368
369
37
370
371
372
373
374
375
376
377
378
379
38
382
383
384
387
389
39
390
391
395
397
398
4
40
400
401
402
403
407
408
409
411
415
417
418
420
421
422
423
424
426
427
429
43
430
431
432
433
434
435
437
438
44
441
442
446
447
449
45
454
455
456
457
458
46
461
462
463
464
465
467
468
469
47
470
471
472
473
477
478
479
48
481
484
485
486
488
489
490
491
492
493
494
496
497
498
499
5
500
501
502
503
505
506
507
508
509
51
510
511
512
513
514
515
517
518
519
52
520
521
525
526
527
529
532
533
534
535
538
540
542
543
546
547
549
55
551
553
554
556
557
558
56
561
562
563
564
566
567
57
571
572
573
574
575
576
578
579
58
580
584
585
586
587
588
589
59
590
591
593
594
595
597
599
600
603
605
606
607
609
61
612
613
614
615
616
617
619
620
621
622
623
624
625
626
628
629
63
631
634
635
636
639
64
640
641
642
643
644
645
647
65
650
651
652
653
654
655
656
659
663
664
665
668
669
670
673
674
676
677
678
679
68
680
682
684
685
688
690
691
692
693
694
695
697
7
70
700
701
703
704
705
706
707
709
710
711
714
715
716
718
72
720
721
722
725
726
73
730
732
735
736
737
738
739
740
741
742
745
747
749
750
751
754
755
756
757
758
76
760
761
762
764
765
766
767
769
77
770
771
772
774
775
778
779
78
780
783
785
787
788
790
791
792
793
798
800
801
802
803
804
805
806
807
808
81
810
812
813
815
816
819
82
820
821
822
824
825
826
827
828
829
830
831
832
834
835
836
838
84
841
843
845
847
849
850
852
853
854
855
856
857
858
859
86
861
865
867
868
869
87
870
872
873
874
876
878
879
88
881
882
884
886
887
888
889
89
890
891
895
896
897
899
903
905
908
911
912
913
914
915
916
917
92
920
922
923
924
925
926
929
931
935
937
938
940
941
942
943
944
946
949
95
950
951
952
955
956
957
96
960
962
963
964
965
966
97
970
971
972
974
975
976
98
981
983
984
985
986
987
990
991
992
993
996